scripts/e2eSelectionShadow.ts
  s_97ab82e0b4f10c::t_205b4bdb541052 254
  s_97ab82e0b4f10c::t_78000712e4fc34 41,287-289
  s_97ab82e0b4f10c::t_8fef7ac3753e20 311-324,347
  s_97ab82e0b4f10c::t_3c6bafe970fa7b 22,238-253,255-261,296
  s_97ab82e0b4f10c::t_f131198dea40b6 40
scripts/__tests__/e2eSelectionShadow.spec.ts
  s_97ab82e0b4f10c::t_3228a480874c44 79-82,93-97
  s_97ab82e0b4f10c::t_7560ca20b6ce80 6,78,83,86,88,90-92,98-112
  s_97ab82e0b4f10c::t_6f22f554607a0d 67,71-72,84-85,87
  s_97ab82e0b4f10c::t_223c77292a19df 89,113-114,221
scripts/e2eSelectionShadowCertificate.json
  s_97ab82e0b4f10c::t_5e9c0eaae0e2f6 20-21,29,39,47,55,63,71,79,87,95,103,111,119,129,139,149,159,169,179,187,201,214,222,232,242,252,260,270,278,286,294,302,310,320,330,340,350,360,368,378,386,394,404,412,422,432,440,448,458,468,478,486,496,506,516,526,536,546,554,564,574,584,594,604,614,624,634,644,654,664,674,684,694,704,714,724,734,744,754,764,774,784,796,804,814,824,834,844,854,864,874,884,894,902,912,920,928,936,944,954,962,970,980,988,998,1006,1014,1022,1030,1040,1050,1060,1070,1080,1090,1098,1106,1116,1126,1136,1144,1154,1164,1174,1182,1192,1202,1212,1222,1230,1238,1248,1258,1268,1278,1286,1299,1309,1319,1329,1339,1349,1359,1369,1379,1389,1399,1409,1419,1429,1439,1449,1459,1469,1479,1487,1500,1510,1518,1528,1536,1546,1554,1564,1574,1584,1594,1604,1614,1624,1634,1644,1654,1662,1670,1680,1690,1698,1708,1718,1726,1734,1744,1754,1764,1774,1784,1792,1802,1812,1822,1830,1840,1850,1860,1870,1880,1890,1900,1910,1918,1928,1938,1948,1958,1968,1978,1986,1996,2006,2016,2024,2034,2044,2052,2064,2074,2084,2094,2104,2114,2124,2134,2144,2154,2164,2174,2184,2194,2204,2214,2224,2234,2244,2254,2266,2277,2287,2297,2305,2315,2325,2335,2347,2361,2375,2386,2402,2414,2425,2435,2443,2453,2463,2471,2481,2491,2505,2515,2523,2533,2543,2551,2561,2569,2577,2585,2593,2601,2611,2621,2631,2641,2649,2657,2665,2673,2681,2689,2697,2705,2715,2723,2731,2739,2749,2757,2767,2775,2783,2791,2799,2807,2815,2823,2833,2841,2877,2887,2897,2907,2917,2927,2937,2947,2955,2965,2973,2983,2993,3003,3013
---
{
  "schema_version": "authorship/3.0.0",
  "git_ai_version": "1.7.5",
  "base_commit_sha": "28f16c776ee8cb2ac10d398e5d856c8bb3ead258",
  "prompts": {},
  "sessions": {
    "s_97ab82e0b4f10c": {
      "agent_id": {
        "tool": "codex",
        "id": "01a112a8-c88e-72d0-84e8-5aa3bdd667a2",
        "model": "gpt-6-sol"
      },
      "human_author": "hplovecraft208[bot] <318698904+hplovecraft208[bot]@users.noreply.github.com>"
    }
  }
}