release/dependency-license-proofs.json
  s_87ab0a2f60ccf8::t_19b4243bcd4d98 64
release/open-source-inventory.json
  s_87ab0a2f60ccf8::t_c5f7a427196e03 166,1690,2568
scripts/ui-restatement-census.json
  s_87ab0a2f60ccf8::t_44603ffc80f997 5,41,50,59,77,95,122,131,140,149,176,185,203,221,230,239,257,266,284,290-298,302,347,356,374,383,392,401,419,428,446,455,464,473,482,491,518,536,545,590,599,626,635,653,662,716,725,752,770,779,788,797,842,851,860,869,878,896,914,959,1013,1022,1031,1067,1076,1094,1103,1139,1148,1157,1166,1175,1184,1193,1202,1211,1229,1256,1265,1274,1292,1301,1310,1328,1337,1355,1364,1373,1382,1409,1418-1427,1445,1454,1472,1517,1526,1553,1571,1589,1607,1643,1706,1715,1724,1751,1757-1765,1796,1814,1823,1832,1841,1859,1877,1886,1895,1904,1913,1922,1931,1940,1949,1964-1972,1976,1985,2012,2039,2048,2066,2084,2102,2111,2129,2156,2174,2192,2201,2210,2228,2237,2246,2264,2282,2300,2318,2354,2372,2381,2390,2399,2408,2417,2435,2444,2453,2462,2471,2480,2507,2516,2525,2534,2543,2552,2561,2579,2597,2606,2633,2642,2651,2660,2684-2692,2696,2705,2723,2732,2750,2768,2777,2786,2795,2804,2822,2831,2894,2930,2939,2975,2984,2993,3002,3011,3020,3047,3056,3065,3074,3092,3128,3164,3173,3209,3218,3227,3236,3245,3308,3317,3335,3344,3353,3371,3389,3407,3416,3425,3443,3452,3470,3533,3551,3560,3578,3587,3605,3614,3641,3659,3668,3674-3682,3704,3731,3749,3758,3767,3776,3785,3794,3812,3821,3830,3875,3884,3893,3920,3965,3983,3992,4001,4010,4019,4028,4046,4055,4064,4073,4082,4100,4109,4127,4136,4163,4172,4181,4190,4199,4208,4217,4226,4235,4253,4262,4280,4298,4307,4316,4325,4334,4343,4352,4361,4370,4397,4424,4451,4460,4469,4478,4487,4505,4532,4613,4622,4640,4658,4667,4712,4721,4730,4739,4775,4784,4793,4820,4827,4829-4830,4832,4838,4847,4856,4883,4901,4946,4964,4973,5018,5036,5045,5090,5126,5135,5144,5162,5180,5189,5225,5234,5243,5252,5261,5306,5324,5342,5357-5365,5378,5387,5396,5414,5423,5441,5450,5459,5468,5486,5495,5513,5522,5549,5558,5585,5594,5612,5621,5646-5648,5702,5738,5756,5774,5801,5819,5828,5837,5846,5864,5873,5891,5900,5918,5927,5936,6035,6062,6071,6080,6086-6094,6098,6107,6116,6143,6152,6179,6206,6215,6224,6233,6269,6278,6287,6296,6305,6341,6350,6377,6383-6391,6401-6409,6431,6440,6458,6467,6485,6503,6530,6638,6665,6701,6719,6728,6737,6746,6764,6791,6800,6809,6818,6836,6845,6872,6881,6908,6917,6935,6944,6971,6980,6998,7007,7025,7061,7070,7079,7085-7093,7106,7124,7142,7169,7214,7232,7250,7259,7268,7277,7322,7331,7340,7349,7385,7394,7403,7421,7430,7466,7475,7484,7520,7529,7538,7547,7556,7565,7574,7610,7628,7634-7642,7664,7673,7682,7709,7718,7745,7754,7763,7772,7781,7835,7844,7853,7880,7889,7898,7916,7952,7970,7988,7997,8006,8078,8087,8096,8123,8132,8150,8159,8168,8174-8182,8186,8204,8213,8222,8231,8240,8246-8254,8258,8276,8285,8294,8303,8312,8321,8330,8375,8402,8411,8429,8438,8474,8483,8501,8510,8519,8546,8555,8582,8600,8618,8627,8636,8645,8663,8681,8708,8744,8762,8771,8789,8834,8843,8852,8861,8870,8879,8888,8897,8906,8915,8933,8942,8978,9005,9014,9023,9032,9041,9050,9059,9086,9095,9104,9113,9122,9131,9140,9158,9167,9176,9185,9203,9212,9221,9230,9239,9248,9275,9293,9338,9347,9356,9371-9379,9383,9410,9437,9446,9455,9464,9482,9545,9554,9572,9581,9590,9599,9608,9698,9725,9734,9743,9779,9806,9824,9833,9851,9905,9914,9932,9941,9950,9959,9995,10004,10022,10040,10049,10058,10074-10080,10094,10103,10175,10184,10202,10220,10229,10238,10247,10256,10265,10274,10283,10292,10310,10328,10337,10355,10364,10391,10418,10427,10445,10463,10472,10490,10499,10508,10544,10562,10598,10607,10625,10634,10643,10652,10697,10706,10715-10724,10733,10760,10787,10805,10814,10823,10832,10841,10850,10859,10886,10895,10904,10940,10958,10967,10985,10994,11003,11012,11021,11030,11036-11044,11057,11066,11075,11084,11102,11111,11120,11129,11171-11179,11183,11192,11201,11219,11228,11246,11264,11291,11309,11318,11327,11336,11345,11363,11372,11390,11408,11417,11435,11471,11489,11525,11534,11570,11597,11606,11615,11633,11642,11669,11705,11714,11723,11732,11786,11804,11831,11840,11858,11885,11894,11903,11912,11921,11948,11966,11984,12002,12011,12047,12056,12101,12110,12128,12155,12182,12200,12209,12218,12227,12245,12254,12272,12281,12290,12314-12322,12335,12344,12362,12389,12479,12488,12497,12506,12524,12533,12551,12560,12587,12668,12677,12695,12704,12713,12758,12776,12785,12803,12812,12839,12848,12857,12866,12875,12920,12929,12938,12947,12956,12965,12974,13007-13015,13019,13028,13082,13118,13127,13145,13181,13208,13217,13235,13262,13316,13325,13352,13361,13370,13397,13424,13433,13451,13469,13478,13487,13496,13505,13532,13541,13550,13568,13577,13586,13595,13622,13667,13676,13685,13721,13757,13775,13793,13802,13809-13815,13829,13838,13856,13865,13883,13892,13919,13928,13937,13946,13955,13982,14000,14009,14018,14045,14063,14081,14090,14099,14108,14117,14144,14180,14189,14198,14234,14258-14266,14270,14288,14324,14342,14351,14369,14378,14396,14405,14414,14423,14432,14459,14468,14495,14549,14567,14576,14603,14639,14648,14654-14662,14666,14675,14693,14702,14729,14747,14756,14774,14783,14792,14828,14837,14873,14891,14900,14918,14945,14954,14990,15008,15035,15044,15053,15080,15089,15107,15116,15125,15143,15152,15170,15179,15188,15269,15287,15296,15314,15332,15350,15359,15386,15404,15422,15440,15467,15494,15512,15521,15530,15539,15542,15566,15575,15584,15593,15611,15620,15647,15656,15674,15692,15701,15710,15719,15728,15737,15746,15782,15791,15800,15836,15869-15877,15881,15890,15899,15908,15926,15935,15971,15989,16034,16043,16052,16070,16079,16088,16097,16106,16124,16133,16151,16178,16187,16196,16205,16214,16223,16232,16268,16277,16286,16313,16322,16340,16349,16394,16403,16430,16439,16448,16463-16471,16475,16493,16520,16529,16547,16574,16583,16592,16628,16637,16655,16673,16691,16718,16736,16754,16763,16799,16808,16817,16826,16835,16862,16871,16880,16889,16898,16907,16934,16979,17024,17033,17069,17114,17132,17150,17159,17168,17177,17186,17204,17213,17222,17237-17245,17258,17303,17312,17321,17330,17339,17348,17357,17375,17384,17393,17456,17483,17492,17498-17506,17519,17528,17537,17546,17555,17582,17591,17609,17627,17663,17690,17699,17717,17744,17753,17762,17780,17798,17843,17852,17879,17897,17906,17915,17924,17960,17969,17978,17984-17992,18005,18050,18059,18077,18086,18095,18104,18113,18122,18149,18158,18176,18203,18209-18217,18239,18248,18257,18266,18284,18302,18320,18329,18335-18343,18347,18356,18383,18401,18410,18428,18437,18464,18473,18482,18500,18509,18536,18542-18550,18554,18581,18590,18599,18617,18644,18653,18671,18698,18716,18734,18752,18761,18770,18788,18806,18821-18829,18833,18842,18851,18860,18887,18896,18914,18923,18941,18950,18968,18977,18986,19004,19022,19049,19067,19094,19100-19108,19112,19121,19139,19166,19184,19193,19202,19211,19220,19229,19265,19274,19283,19290-19302,19304,19337,19355,19364,19373,19382,19391,19400,19409,19418,19427,19436,19472,19517,19535,19553,19562,19571,19580,19589,19634,19643,19652,19688,19706,19715,19724,19733,19760,19796,19805,19814,19841,19850,19868,19877,19883-19891,19895,19913,19940,19949,19958,19967,19976,20003,20021,20075,20102,20120,20129,20147,20156,20165,20174,20183,20201,20210,20219,20228,20237,20246,20273,20291,20300,20309,20318,20336,20345,20372,20390,20399,20408,20417,20426,20462,20471,20507,20513-20521,20525,20543,20552,20570,20579,20597,20606,20624,20642,20660,20678,20714,20723,20741,20759,20768,20804,20822,20831,20840,20849,20867,20885,20894,20903,20912,20939,20975,20993,21020,21029,21065,21092,21110,21173,21191,21209,21227,21254,21281,21308,21344,21353,21371,21398,21416,21425,21434,21461,21488,21506,21515,21551,21569,21587,21641,21659,21668,21695,21704,21713,21722,21731,21740,21794,21812,21830,21875,21884,21938,21956,21974,21992,22010,22055,22073,22082,22091,22109,22118,22136,22145,22172,22181,22208,22235,22244,22253,22280,22298,22307,22316,22334,22361,22370,22388,22406,22433,22460,22469,22478,22523,22532,22550,22559,22613,22631,22640,22649,22667,22712,22721,22739,22748,22757,22775,22793,22820,22829,22838,22874,22883,22892,22910,22928,22955,22964,22973,22982,22991,23009,23027,23036,23054,23072,23090,23099,23153,23171,23180,23189,23207,23243,23270,23279,23288,23297,23306,23342,23351,23360,23387,23396,23405,23414,23441,23450,23459,23468,23477,23492-23500,23504,23531,23549,23558,23585,23594,23603,23621,23693,23729,23756,23765,23783,23792,23801,23846,23855,23882,23891,23900,23909,23927,23945,23963,23990,24035,24044,24053,24062,24071,24080,24089,24098,24107,24125,24143,24152,24197,24206,24224,24242,24251,24260,24278,24293-24301,24305,24314,24323,24359,24368,24377,24386,24404,24410-24418,24422,24431,24440,24458,24467,24476,24494,24521,24548,24575,24593,24602,24611,24638,24692,24701,24710,24746,24755,24773,24782,24791,24809,24827,24836,24845,24854,24872,24881,24890,24899,24908,24917,24944,24962,24989,25007,25016,25034,25061,25070,25097,25106,25115,25130-25138,25142,25169,25187,25196,25205,25241,25250,25259,25277,25295
scripts/uiRestatementCensus.ts
  s_87ab0a2f60ccf8::t_19eb42547f0085 495
src/app/DesktopStartupError.tsx
  s_87ab0a2f60ccf8::t_a0a3c8d00c0163 9,21,27,29
src/modules/AiRuntime/presentations/components/AgentRunDecisionControls.tsx
  s_87ab0a2f60ccf8::t_266433c46b747a 73,81,86,112,115,122
src/modules/AiRuntime/presentations/views/ChatPanel.tsx
  s_87ab0a2f60ccf8::t_bf06e0e41bea1c 368-369,378
src/modules/AiRuntime/presentations/views/RetainedSectionRenderManualReview.tsx
  s_87ab0a2f60ccf8::t_833c5fd8d1d359 5,235,286
src/modules/Levain/presentations/views/LevainPanel.tsx
  s_87ab0a2f60ccf8::t_5d13461e44060a 10,246,270
src/modules/PunchRecording/presentations/views/PunchRecordingControls.tsx
  s_87ab0a2f60ccf8::t_ad70e451e8d696 7,211,215,217
src/modules/WorkspaceShell/presentations/views/Transport/TransportControls.tsx
  s_87ab0a2f60ccf8::t_0ee4d1fe7445da 8,83,168
src/modules/WorkspaceShell/presentations/views/TransportBar.tsx
  s_87ab0a2f60ccf8::t_97808a7c5ccf81 232,235,349,352,361-362
---
{
  "schema_version": "authorship/3.0.0",
  "git_ai_version": "1.7.2",
  "base_commit_sha": "9b7e656ca7adb315f0b4ea089442b7a0f63dda41",
  "prompts": {},
  "sessions": {
    "s_87ab0a2f60ccf8": {
      "agent_id": {
        "tool": "codex",
        "id": "01a06e84-1a29-7213-9885-8a031720e1b2",
        "model": "unknown"
      },
      "human_author": "José Costa <j.costa.3394@gmail.com>"
    }
  }
}