-0.205731481
-0.19967562
-0.208770275
-0.196727723
-0.20767343
-0.197669119
-0.206637472
-0.199032515
-0.205772847
-0.201888263
-0.204352111
-0.203601748
-0.204250991
-0.20407781
-0.204743803
-0.204269081
-0.206621587
-0.202856719
-0.208058238
-0.201589048
-0.208964169
-0.201413006
-0.209762573
-0.201728433
-0.210202247
-0.201862335
-0.210649133
-0.20202747
-0.211092204
-0.202313393
-0.211405516
-0.20268178
-0.211698771
-0.203050375
-0.212020367
-0.203421801
-0.212293446
-0.203830272
-0.212568909
-0.204242826
-0.212851584
-0.204613924
-0.213135958
-0.204979479
-0.213425964
-0.205337495
-0.213704944
-0.205695778
-0.213980049
-0.206054509
-0.214250356
-0.20641008
-0.214518219
-0.206763089
-0.214782298
-0.207112908
-0.215043068
-0.207459629
-0.215300173
-0.207802802
-0.215553671
-0.20814231
-0.215803295
-0.208477885
-0.216048986
-0.208809376
-0.216290563
-0.209136665
-0.216527879
-0.209459543
-0.216760814
-0.209777772
-0.216989219
-0.210091352
-0.217212945
-0.210400015
-0.217431843
-0.210703671
-0.217645824
-0.211002141
-0.217854738
-0.211295217
-0.218058378
-0.211582839
-0.218256772
-0.211864829
-0.218449652
-0.212141037
-0.21863693
-0.212411344
-0.218818516
-0.212675601
-0.21899426
-0.21293366
-0.219164073
-0.21318543
-0.219327837
-0.213430792
-0.219485492
-0.213669538
-0.219636828
-0.213901669
-0.219781786
-0.214127004
-0.219920248
-0.214345396
-0.220052123
-0.214556843
-0.220177293
-0.214761198
-0.220295787
-0.21495834
-0.220407307
-0.215148181
-0.220511943
-0.215330601
-0.220609546
-0.2155056
-0.220699966
-0.21567297
-0.220783293
-0.215832829
-0.220859259
-0.215984881
-0.220927924
-0.216129184
-0.220989168
-0.216265708
-0.221042901
-0.216394216
-0.221089095
-0.216514826
-0.221127689
-0.216627449
-0.221158594
-0.216732025
-0.22118181
-0.216828406
-0.221197158
-0.21691671
-0.221204758
-0.216996849
-0.22120446
-0.217068762
-0.221196324
-0.217132419
-0.221180171
-0.217187852
-0.221156061
-0.217234999
-0.221123993
-0.217273891
-0.22108379
-0.217304468
-0.2210356
-0.21732676
-0.220979273
-0.217340678
-0.2209149
-0.2173464
-0.220842421
-0.217343748
-0.220761806
-0.217332929
-0.220673054
-0.217313766
-0.220576167
-0.217286408
-0.220471114
-0.217250884
-0.220357984
-0.217207074
-0.220236808
-0.217155218
-0.220107496
-0.217095196
-0.219970107
-0.217027187
-0.219824672
-0.216951162
-0.219671249
-0.216867208
-0.21950984
-0.216775268
-0.219340444
-0.21667558
-0.219163239
-0.216568053
-0.218978107
-0.216452867
-0.218785137
-0.216330111
-0.218584538
-0.216199726
-0.21837616
-0.21606195
-0.218160182
-0.215916812
-0.217936695
-0.215764403
-0.217705667
-0.215604782
-0.217467308
-0.215438157
-0.217221588
-0.215264499
-0.216968715
-0.215084046
-0.21670872
-0.214896798
-0.216441661
-0.214702934
-0.216167718
-0.214502573
-0.21588701
-0.214295864
-0.215599597
-0.214082927
-0.215305597
-0.21386385
-0.215005219
-0.213638812
-0.214698493
-0.213408023
-0.214385599
-0.213171512
-0.214066714
-0.212929428
-0.213741899
-0.212682068
-0.213411391
-0.212429374
-0.21307528
-0.212171733
-0.212733746
-0.211909175
-0.212386996
-0.211641908
-0.212035179
-0.211370021
-0.211678416
-0.211082131
-0.211339593
-0.210766137
-0.211020559
-0.210439265
-0.210689664
-0.210116565
-0.210346043
-0.209799379
-0.209984452
-0.209495008
-0.209606916
-0.209193438
-0.209223688
-0.208888054
-0.208838701
-0.208572119
-0.208464831
-0.208241582
-0.208100289
-0.207898587
-0.207739294
-0.207547814
-0.207378626
-0.207193404
-0.207017094
-0.20683527
-0.206655025
-0.206473917
-0.206292331
-0.206110597
-0.205928177
-0.205745757
-0.2055628
-0.205379486
-0.2051965
-0.205012232
-0.204829097
-0.204644352
-0.2044608
-0.204276025
-0.204092026
-0.203907281
-0.203722954
-0.203538388
-0.203354001
-0.203169495
-0.202985197
-0.2028009
-0.202616751
-0.202432752
-0.202248961
-0.202065349
-0.201881945
-0.20169881
-0.201515943
-0.201333344
-0.201151162
-0.200969338
-0.200787842
-0.200606793
-0.200426102
-0.200245917
-0.200066239
-0.199887097
-0.199708432
-0.199530303
-0.199352801
-0.199175924
-0.198999673
-0.198824048
-0.198649108
-0.198474884
-0.198301375
-0.198128611
-0.197956651
-0.197785467
-0.197615087
-0.197445571
-0.19727692
-0.197109133
-0.19694224
-0.196776271
-0.196611285
-0.196447253
-0.196284205
-0.19612214
-0.195961177
-0.195801198
-0.195642292
-0.195484489
-0.195327789
-0.19517225
-0.195017785
-0.194864511
-0.19471243
-0.194561541
-0.194411874
-0.194263458
-0.194116294
-0.193970352
-0.193825722
-0.193682432
-0.193540394
-0.193399727
-0.193260401
-0.193122447
-0.192985862
-0.192850709
-0.192716897
-0.192584544
-0.192453653
-0.192324191
-0.19219625
-0.192069739
-0.191944689
-0.191821218
-0.191699207
-0.191578776
-0.191459864
-0.191342533
-0.191226751
-0.191112548
-0.191000015
-0.190889001
-0.190779656
-0.190671951
-0.190565825
-0.190461427
-0.190358669
-0.190257579
-0.190158159
-0.190060437
-0.189964443
-0.189870119
-0.189777613
-0.189686745
-0.189597666
-0.189510316
-0.189424753
-0.189340949
-0.189258903
-0.189178675
