0.599020302
0.599020243
0.599018633
0.599022686
0.599017918
0.599022508
0.599014044
0.599028111
0.599014044
0.59902674
0.598959684
0.599105954
0.598937154
0.599102259
0.598812878
0.599281192
0.598756194
0.59927541
0.598755121
0.599269569
0.598754048
0.599263787
0.598752975
0.599257946
0.598751962
0.599252164
0.598750949
0.599246383
0.598749876
0.599240601
0.598748863
0.599234819
0.598747849
0.599229097
0.598746896
0.599223316
0.598745883
0.599217594
0.598744929
0.599211872
0.598744035
0.599206209
0.598743081
0.599200547
0.598742127
0.599194944
0.598741293
0.599189341
0.598740399
0.599183798
0.598739564
0.599178195
0.59873867
0.599172711
0.598737895
0.599167228
0.598737121
0.599161744
0.598736346
0.59915638
0.598735631
0.599151015
0.598734975
0.599145651
0.59873426
0.599140406
0.598733664
0.599135101
0.598733068
0.599129915
0.598732531
0.59912473
0.598731995
0.599119663
0.598731518
0.599114537
0.598731041
0.59910953
0.598730564
0.599104583
0.598730206
0.599099636
0.598729908
0.599094808
0.59872961
0.59908998
0.598729312
0.599085212
0.598729134
0.599080563
0.598728895
0.599075913
0.598728776
0.599071324
0.598728776
0.599066794
0.598728716
0.599062324
0.598728776
0.599057913
0.598728776
0.599053621
0.598728895
0.59904933
0.598729074
0.599045157
0.598729253
0.599040985
0.598729551
0.599036932
0.598729849
0.599032938
0.598730206
0.599029005
0.598730683
0.59902519
0.59873116
0.599021375
0.598731697
0.59901762
0.598732233
0.599014044
0.598732948
0.599010468
0.598733604
0.599006951
0.598734379
0.599003553
0.598735213
0.599000216
0.598736048
0.598996997
0.598737001
0.598993778
0.598738015
0.598990679
0.598739028
0.598987639
0.59874016
0.598984718
0.598741353
0.598981798
0.598742604
0.598978996
0.598743916
0.598976314
0.598745286
0.598973632
0.598746657
0.598971128
0.598748147
0.598968685
0.598749697
0.598966241
0.598751307
0.598963916
0.598752975
0.598961711
0.598754704
0.598959565
0.598756492
0.598957479
0.59875834
0.598955512
0.598760247
0.598953605
0.598762274
0.598951817
0.5987643
0.598950028
0.598766387
0.598948359
0.598768592
0.59894681
0.598770797
0.59894526
0.598773122
0.598943889
0.598775625
0.598942578
0.598778248
0.598941267
0.598781466
0.598940134
0.598784864
0.598939002
0.598788261
0.598937988
0.598791778
0.598937035
0.598795354
0.5989362
0.59879899
0.598935366
0.598802745
0.59893465
0.59880656
0.598934054
0.598810434
0.598933458
0.598814368
0.598932922
0.598818421
0.598932505
0.598822534
0.598932207
0.598826706
0.598931909
0.598830938
0.59893167
0.598835289
0.598931551
0.598839641
0.598931491
0.598844111
0.598931491
0.598848641
0.598931551
0.59885323
0.59893167
0.59885788
0.598931909
0.598862588
0.598932147
0.598867357
0.598932445
0.598872185
0.598932862
0.598877072
0.59893322
0.598882079
0.598933697
0.598887086
0.598934293
0.598892093
0.598934889
0.598897278
0.598935604
0.598902464
0.598936319
0.598907709
0.598937035
0.598912895
0.598937869
0.598918259
0.598938763
0.598923564
0.598939657
0.598928988
0.59894067
0.598934412
0.598941982
0.5989393
0.59894371
0.598944128
0.598946035
0.598947704
0.598949373
0.598951101
0.59895277
0.598954499
0.598956227
0.598957956
0.598959684
0.598961413
0.598963201
0.59896493
0.598966718
0.598968506
0.598970294
0.598972082
0.59897387
0.598975658
0.598977447
0.598979235
0.598981082
0.59898293
0.598984718
0.598986566
0.598988414
0.598990262
0.598992109
0.598993957
0.598995805
0.598997653
0.5989995
0.599001408
0.599003255
0.599005103
0.59900701
0.599008858
0.599010706
0.599012613
0.599014461
0.599016368
0.599018216
0.599020123
0.599022031
0.599023879
0.599025726
0.599027634
0.599029541
0.599031389
0.599033237
0.599035144
0.599037051
0.599038899
0.599040747
0.599042654
0.599044502
0.59904635
0.599048197
0.599050045
0.599051952
0.599053741
0.599055588
0.599057436
0.599059284
0.599061072
0.59906292
0.599064708
0.599066556
0.599068403
0.599070191
0.59907198
0.599073768
0.599075556
0.599077284
0.599079013
0.599080801
0.599082589
0.599084318
0.599086046
0.599087775
0.599089503
0.599091172
0.59909296
0.599094629
0.599096298
0.599097967
0.599099636
0.599101305
0.599102914
0.599104524
0.599106133
0.599107742
0.599109411
0.599110961
0.599112511
0.59911412
0.59911561
0.59911716
0.59911871
0.5991202
0.59912169
0.59912318
0.59912467
0.59912616
0.599127591
0.599129021
0.599130452
0.599131823
0.599133193
0.599134564
0.599135995
0.599137306
0.599138618
0.599139929
0.59914124
0.599142551
0.599143803
0.599145055
0.599146247
0.599147499
0.599148691
0.599149883
0.599151075
0.599152207
0.59915334
0.599154413
0.599155545
0.599156559
0.599157691
0.599158704
