0.0139938891
-0.0129754543
0.01241225
-0.0124596953
0.0130201876
-0.0115767121
0.013690263
-0.0106832087
0.0143629313
-0.00978958607
0.0150359571
-0.00889673829
0.0157088339
-0.00800517201
0.0163809359
-0.00711536407
0.0170517564
-0.00622785091
0.0177207589
-0.00534307957
0.0183874369
-0.00446146727
0.0190512538
-0.00358369946
0.0197118223
-0.00270992517
0.0203685462
-0.00184077024
0.0210210085
-0.000976681709
0.021668762
-0.000117987394
0.0223113
0.000734776258
0.0229482651
0.00158128142
0.0235791504
0.00242108107
0.0242035687
0.00325387716
0.0248210728
0.00407916307
0.0254312456
0.00489667058
0.0260338187
0.00570589304
0.0266281962
0.00650659204
0.0272142291
0.00729838014
0.0277913809
0.00808092952
0.0283593237
0.00885379314
0.0289177299
0.0096167922
0.0294662118
0.0103695393
0.0300045311
0.0111117363
0.0305322409
0.0118431151
0.0310491025
0.0125632286
0.0315548182
0.0132719576
0.0320490301
0.0139689445
0.0325314403
0.0146538615
0.0330017507
0.0153264999
0.0334597826
0.0159866214
0.0339051783
0.0166339278
0.0343376696
0.0172681212
0.0347569883
0.0178890526
0.0351629853
0.0184964836
0.0355553031
0.019090116
0.0359337926
0.0196697712
0.0362981558
0.0202351809
0.0366482139
0.0207862556
0.0369837582
0.0213226676
0.03730461
0.0218442976
0.0376104712
0.0223509669
0.0379012525
0.0228424072
0.0381767154
0.0233185291
0.0384367108
0.0237791538
0.0386810601
0.0242240429
0.0389096439
0.0246531367
0.0391221941
0.0250662565
0.0393186808
0.0254632533
0.0394989252
0.0258439481
0.0396627486
0.0262083411
0.0398100019
0.026556164
0.039940685
0.026887387
0.0400545895
0.0272019506
0.0401515663
0.0274995863
0.0402316749
0.027780354
0.040294677
0.0280440748
0.0403405726
0.0282907188
0.0403691828
0.0285201967
0.0403805673
0.0287324786
0.0403744876
0.0289274156
0.0403510332
0.0291050673
0.0403101146
0.0292652547
0.0402516425
0.0294080675
0.0401756167
0.0295333862
0.0400820076
0.029641211
0.0399707258
0.0297315419
0.0398418009
0.0298043489
0.0396952629
0.0298596323
0.0395310819
0.0298973918
0.0393491983
0.0299176574
0.0391496718
0.029920429
0.0389325619
0.0299057662
0.0386978388
0.0298736095
0.0384455025
0.0298241377
0.0381757021
0.0297572613
0.0378883779
0.0296730995
0.0375836492
0.029571712
0.0372615159
0.0294531882
0.0369221866
0.0293175876
0.036565572
0.0291650295
0.0361918509
0.0289955437
0.0358010828
0.0288092494
0.0353934765
0.0286062956
0.0349689424
0.0283867419
0.0345277488
0.0281507671
0.034070015
0.0278984606
0.0335958302
0.0276300013
0.0331053436
0.0273455977
0.0325987041
0.0270452201
0.0320761204
0.0267291963
0.0315376818
0.0263976157
0.0309836268
0.0260506868
0.0304141343
0.025688678
0.0298293829
0.025311619
0.0292295516
0.0249198675
0.0286148489
0.0245135725
0.0279855728
0.0240929127
0.0273418427
0.0236581862
0.0266839564
0.0232095718
0.0260121822
0.0227473974
0.0253267288
0.0222718418
0.0246278048
0.0217832327
0.0239157975
0.0212817192
0.0231909454
0.0207677186
0.0224534273
0.0202413797
0.0217036605
0.01970312
0.0209419131
0.0191531479
0.0201684535
0.0185918212
0.0193836391
0.018019408
0.0185877979
0.0174362957
0.0177812576
0.0168426931
0.0169643462
0.0162390769
0.0161373615
0.0156256557
0.0153007507
0.0149396658
0.0145712495
0.0141997635
0.0138259232
0.0134499371
0.0130719244
0.0126917958
0.0123097003
0.0119256973
0.0115397871
0.0111519992
0.0107624233
0.0103711784
0.00997820497
0.00958353281
0.00918725133
0.00878950953
0.00839018822
0.00798946619
0.00758731365
0.00718390942
0.00677913427
0.00637316704
0.00596597791
0.00555768609
0.00514832139
0.00473791361
0.00432658195
0.00391429663
0.00350117683
0.00308725238
0.00267255306
0.00225713849
0.00184109807
0.00142452121
0.0010073185
0.000589698553
0.000171691179
-0.000246733427
-0.000665456057
-0.0010843873
-0.00150358677
-0.00192284584
-0.00234222412
-0.0027616322
-0.00318101048
-0.00360026956
-0.00401943922
-0.00443834066
-0.00485703349
-0.00527533889
-0.00569334626
-0.0061109364
-0.0065279603
-0.00694444776
-0.00736033916
-0.00777554512
-0.00819009542
-0.00860381126
-0.00901675224
-0.00942876935
-0.00983986259
-0.0102499127
-0.0106589496
-0.0110667944
-0.0114735365
-0.0118789673
-0.012283206
-0.0126859844
-0.0130875111
-0.0134874582
-0.0138859153
-0.0142827928
-0.0146780908
-0.0150716603
-0.015463531
-0.0158536434
-0.0162418187
-0.0166281164
-0.0170125067
-0.0173948407
-0.0177751184
-0.01815328
-0.0185292959
-0.0189030766
-0.0192745328
-0.0196436942
-0.0200104713
-0.0203748047
-0.0207366645
-0.0210959613
-0.0214526951
-0.0218067467
-0.0221581459
-0.0225067735
-0.0228526294
-0.0231955945
-0.0235356987
-0.0238728523
-0.0242070556
-0.024538219
-0.0248662531
-0.0251911581
-0.0255129337
-0.0258313715
-0.0261466205
-0.0264585614
-0.0267671049
-0.0270722806
-0.0273739398
-0.0276722014
-0.0279668272
-0.0282579362
-0.0285453796
-0.0288291276
-0.0291092396
-0.0293855071
-0.0296580791
-0.0299268067
-0.0301915705
-0.0304525197
-0.0307095051
-0.0309624672
-0.0312114656
-0.0314563513
-0.0316971242
-0.0319338143
-0.0321663618
-0.0323946178
-0.0326187015
-0.0328384936
-0.0330539644
-0.0332651436
-0.0334719419
-0.0336743593
-0.0338723063
-0.0340658426
-0.0342548192
-0.0344393253
-0.034619242
-0.0347946286
-0.0349653959
-0.0351315737
