-0.0075605181
0.0169428084
-0.0248959437
0.0211884975
-0.0214102026
0.0130101414
-0.0167875551
0.0157595463
-0.00617467705
0.00701748999
-0.0210816935
0.0184725635
-0.0207972806
0.016633682
-0.0205060802
0.0163945965
0.137845054
0.0162262358
-0.12278346
0.109479137
-0.0730128214
0.011255729
-0.0213224534
0.0706777051
-0.0197733641
0.0708560869
-0.0182852689
0.0709991977
-0.0168630388
0.071106486
-0.0155107398
0.0711775497
-0.0142315077
0.0712120458
-0.0130277677
0.0712096021
-0.0119009567
0.0711699203
-0.0108516663
0.0710927099
-0.00987979211
0.07097774
-0.00898446329
0.0708249807
-0.00816407986
0.0706342086
-0.00741655612
0.0704054609
-0.00673945248
0.0701389015
-0.00612969697
0.0698346347
-0.0055840523
0.0694929883
-0.00509908004
0.0691142157
-0.0046712379
0.0686988458
-0.00429698778
0.0682475194
-0.00397249032
0.0677608475
-0.00369439903
0.0672396421
-0.00345915603
0.0666848421
-0.00326350494
0.0660973638
-0.0031043035
0.0654782355
-0.00297846133
0.0648288727
-0.00288312254
0.0641504005
-0.00281579792
0.0634441823
-0.00277369795
0.0627117082
-0.00275477231
0.0619544536
-0.00275665103
0.0611740574
-0.00277735526
0.0603721812
-0.00281492528
0.0595503747
-0.00286747748
0.0587105155
-0.00293336203
0.0578543618
-0.00301102921
0.0569835939
-0.00309870066
0.0561001226
-0.00319508836
0.0552056879
-0.00329889101
0.0543020852
-0.0034084064
0.0533913076
-0.00352273765
0.0524749272
-0.00364041608
0.0515547507
-0.00376027403
0.0506326221
-0.00388125703
0.0497101583
-0.00400236901
0.0487889424
-0.00412235083
0.0478707217
-0.00424043462
0.0469568707
-0.00435533328
0.0460490361
-0.00446638884
0.045148652
-0.00457279012
0.0442569293
-0.00467350753
0.0433752201
-0.00476782117
0.0425048433
-0.00485496828
0.0416467376
-0.00493430439
0.0408021919
-0.00500514312
0.0399718806
-0.00506671704
0.0391570218
-0.00511870207
0.0383583419
-0.00516036805
0.0375764519
-0.00519120507
0.0368121602
-0.00521080289
0.0360659361
-0.00521869957
0.0353383124
-0.00521448907
0.0346297622
-0.00519798556
0.0339405201
-0.0051687127
0.033270862
-0.00512645068
0.0326210484
-0.00507094664
0.0319910608
-0.00500208186
0.0313809626
-0.00491966074
0.0307907052
-0.00482357806
0.0302201435
-0.00471384358
0.0296691097
-0.00459039025
0.0291372482
-0.00445327582
0.0286242105
-0.00430251891
0.028129572
-0.00413840124
0.027652787
-0.00396100804
0.0271933246
-0.00377052114
0.0267504994
-0.00356731238
0.0263236128
-0.00335176289
0.0259116851
-0.00312426384
0.0255138744
-0.00288523012
0.0251293723
-0.00263517187
0.0247568674
-0.00237491424
0.0243953131
-0.00210491475
0.0240434762
-0.00182597933
0.0237000436
-0.00153902825
0.0233635344
-0.00124494371
0.0230324939
-0.00094475568
0.0227052271
-0.000639541715
0.0223801006
-0.000330351002
0.0220553726
-1.86091656e-05
0.0217290036
0.000294286612
0.0213990118
0.000607039314
0.0210632179
0.000917846512
0.0207195189
0.00122518721
0.0203654785
0.00152732071
0.0199987143
0.00182222063
0.0196166206
0.00210808218
0.019216435
0.0023828547
0.0187955685
0.00264426158
0.018351119
0.00289011421
0.0178800076
0.00311818533
0.0173793267
0.00332590751
0.0168459509
0.00351094664
0.0162765589
0.00367067265
0.0156683028
0.00380268972
0.0150176669
0.00390441599
0.0143215368
0.00397324981
0.0135767525
0.00400659954
0.0127802873
0.00400208868
0.0119291898
0.00395712303
0.0110207386
0.0038695042
0.0101120779
0.00357368402
0.00928648189
0.00320096198
0.0083672544
0.00283057033
0.00734209362
0.00240065996
0.00622294936
0.00201073452
0.00504393643
0.00145083608
0.00385493459
0.000848937605
0.002591155
0.000190924999
0.000669954403
8.332789e-05
-0.000308621529
-0.00146095094
-0.00122670108
-0.0022080082
-0.00280072866
-0.00340629043
-0.00402416149
-0.00465386547
-0.00529492646
-0.00594661245
-0.00660859141
-0.00727998186
-0.00796010438
-0.0086484123
-0.0093439687
-0.0100461282
-0.0107540488
-0.0114668654
-0.0121837305
-0.0129037583
-0.0136261536
-0.0143498778
-0.0150741339
-0.015797941
-0.0165203903
-0.0172405671
-0.0179575961
-0.0186705254
-0.0193784442
-0.0200805198
-0.0207759161
-0.0214637276
-0.0221431851
-0.0228135437
-0.023473965
-0.0241238233
-0.0247623939
-0.0253890585
-0.0260031745
-0.0266041979
-0.0271916017
-0.0277649537
-0.028323777
-0.028867688
-0.0293963347
-0.0299094282
-0.030406639
-0.0308878552
-0.0313528255
-0.0318014249
-0.0322335623
-0.0326491259
-0.0330481529
-0.0334305651
-0.0337964408
-0.0341458023
-0.034478765
-0.0347954258
-0.0350958742
-0.0353803113
-0.0356488489
-0.0359017029
-0.0361390561
-0.0363610946
-0.0365680829
-0.0367601849
-0.0369376168
-0.0371006466
-0.0372494981
-0.0373844467
-0.0375056937
-0.0376134589
-0.0377080329
-0.0377896428
-0.0378584601
-0.03791482
-0.0379588939
-0.0379909165
-0.0380111486
-0.0380197912
-0.0380171463
-0.0380033292
-0.0379786082
-0.0379432067
-0.0378973708
-0.0378412716
-0.0377751067
-0.0376991555
-0.0376135968
-0.0375186242
-0.0374144949
-0.0373014361
-0.0371795632
-0.0370491259
-0.0369104631
-0.0367636271
-0.0366088934
-0.036446549
-0.0362766795
-0.0360995866
-0.0359154865
-0.0357245989
-0.0355271362
-0.0353233181
-0.0351134017
-0.0348976143
-0.0346761085
-0.0344492346
-0.0342170857
-0.0339799598
-0.0337381624
-0.0334917791
-0.0332411863
-0.0329865701
-0.0327280648
-0.0324660279
-0.0322006494
-0.0319321156
-0.0316606686
-0.0313866138
-0.0311102029
-0.0308314618
-0.0305507965
-0.0302684046
-0.0299843736
